caifenfang-0.png 353,135,448,212,0
caifenfang-1.png 357,139,451,207,0
caifenfang-2.png 347,137,431,212,0
caifenfang-3.png 338,145,444,207,0
caifenfang-4.png 338,142,442,198,0
caifenfang-5.png 344,156,426,196,0
caifenfang-6.png 396,145,475,207,0
caifenfang-7.png 350,141,486,212,0
caifenfang-8.png 350,140,479,216,0
caifenfang-9.png 356,138,477,210,0
caitingting-0.png 293,190,459,321,0
caitingting-1.png 300,181,434,305,0
caitingting-2.png 283,185,457,324,0
caitingting-3.png 288,188,456,337,0
caitingting-4.png 297,178,443,328,0
caitingting-5.png 217,187,460,339,0
caitingting-6.png 227,191,473,353,0
caitingting-7.png 259,175,464,356,0
caitingting-8.png 263,169,471,343,0
caitingting-9.png 243,169,456,353,0
cengxiaoying-0.png 324,151,447,272,0
cengxiaoying-1.png 336,163,433,267,0
cengxiaoying-2.png 346,167,443,278,0
cengxiaoying-3.png 351,195,432,267,0
cengxiaoying-4.png 351,199,412,253,0
cengxiaoying-5.png 337,193,462,268,0
cengxiaoying-6.png 341,188,477,277,0
cengxiaoying-7.png 340,186,487,282,0
cengxiaoying-8.png 326,189,474,272,0
cengxiaoying-9.png 333,188,478,286,0
chendanhong-0.png 312,158,367,215,0
chendanhong-1.png 318,157,374,213,0
chendanhong-2.png 299,155,381,216,0
chendanhong-3.png 302,149,378,214,0
chendanhong-4.png 305,150,379,215,0
chendanhong-5.png 297,152,379,217,0
chendanhong-6.png 276,157,421,215,0
chendanhong-7.png 282,158,413,218,0
chendanhong-8.png 270,154,410,211,0
chendanhong-9.png 266,155,417,221,0
chengmei-0.png 270,158,388,223,0
chengmei-1.png 265,157,396,225,0
chengmei-2.png 260,162,381,214,0
chengmei-3.png 275,161,376,216,0
chengmei-4.png 266,163,366,218,0
chengmei-5.png 268,159,364,212,0
chengmei-6.png 275,163,362,216,0
chengmei-7.png 283,161,360,202,0
chengmei-8.png 282,156,360,208,0
chengmei-9.png 283,154,357,213,0
chengyueying-0.png 292,148,393,200,0
chengyueying-1.png 299,147,398,199,0
chengyueying-2.png 286,154,389,206,0
chengyueying-3.png 293,155,400,190,0
chengyueying-4.png 291,156,397,197,0
chengyueying-5.png 289,144,410,195,0
chengyueying-6.png 292,153,406,201,0
chengyueying-7.png 292,151,383,199,0
chengyueying-8.png 289,148,369,199,0
chengyueying-9.png 294,141,378,197,0
chenjianli-0.png 266,187,390,268,0
chenjianli-1.png 261,194,391,272,0
chenjianli-2.png 279,200,389,253,0
chenjianli-3.png 272,181,388,261,0
chenjianli-4.png 268,187,387,270,0
chenjianli-5.png 275,190,402,273,0
chenjianli-6.png 268,184,386,262,0
chenjianli-7.png 266,178,392,266,0
chenjianli-8.png 263,176,397,268,0
chenjianli-9.png 266,187,385,261,0
chenlianfeng-0.png 213,141,370,243,0
chenlianfeng-1.png 216,134,397,229,0
chenlianfeng-2.png 202,136,374,242,0
chenlianfeng-3.png 199,139,353,259,0
chenlianfeng-4.png 195,130,347,244,0
chenlianfeng-5.png 203,129,350,237,0
chenlianfeng-6.png 204,131,335,248,0
chenlianfeng-7.png 199,132,370,249,0
chenlianfeng-8.png 207,131,378,248,0
chenlianfeng-9.png 198,127,368,248,0
chenmin-0.png 279,182,418,347,0
chenmin-1.png 289,183,430,331,0
chenmin-2.png 291,185,411,310,0
chenmin-3.png 276,191,424,312,0
chenmin-4.png 281,202,419,314,0
chenmin-5.png 279,204,411,302,0
chenmin-6.png 276,204,415,313,0
chenmin-7.png 277,211,397,303,0
chenmin-8.png 286,219,411,299,0
chenmin-9.png 264,222,401,300,0
chenxiuzhen-0.png 415,218,784,340,0
chenxiuzhen-1.png 436,211,802,337,0
chenxiuzhen-2.png 431,208,742,326,0
chenxiuzhen-3.png 387,213,661,321,0
chenxiuzhen-4.png 423,208,699,300,0
chenxiuzhen-5.png 386,213,607,329,0
chenxiuzhen-6.png 433,206,713,330,0
chenxiuzhen-7.png 410,205,708,330,0
chenxiuzhen-8.png 421,216,604,305,0
chenxiuzhen-9.png 322,170,472,240,0
chenxuping-0.png 428,191,614,297,0
chenxuping-1.png 434,195,594,302,0
chenxuping-2.png 438,195,617,310,0
chenxuping-3.png 478,196,666,313,0
chenxuping-4.png 450,197,590,299,0
chenxuping-5.png 453,209,586,304,0
chenxuping-6.png 462,208,604,321,0
chenxuping-7.png 427,192,614,319,0
chenxuping-8.png 436,196,620,320,0
chenxuping-9.png 391,193,626,323,0
chenyaying-0.png 289,148,482,256,0
chenyaying-1.png 278,139,481,272,0
chenyaying-2.png 295,136,492,255,0
chenyaying-3.png 290,136,487,245,0
chenyaying-4.png 288,145,482,244,0
chenyaying-5.png 252,149,476,244,0
chenyaying-6.png 281,143,473,236,0
chenyaying-7.png 308,143,483,244,0
chenyaying-8.png 304,137,475,244,0
chenyaying-9.png 308,142,466,250,0
dinglaying-0.png 284,229,487,358,0
dinglaying-1.png 280,214,465,377,0
dinglaying-2.png 283,227,471,384,0
dinglaying-3.png 260,215,481,378,0
dinglaying-4.png 269,208,478,370,0
dinglaying-5.png 290,239,448,364,0
dinglaying-6.png 289,223,486,393,0
dinglaying-7.png 282,232,452,349,0
dinglaying-8.png 277,229,460,360,0
dinglaying-9.png 266,217,452,360,0
fanglifan-0.png 241,121,560,301,0
fanglifan-1.png 215,125,561,319,0
fanglifan-2.png 225,137,585,306,0
fanglifan-3.png 234,127,554,297,0
fanglifan-4.png 220,128,543,300,0
fanglifan-5.png 227,127,569,297,0
fanglifan-6.png 234,123,579,328,0
fanglifan-7.png 215,133,556,317,0
fanglifan-8.png 220,130,549,308,0
fanglifan-9.png 203,124,574,313,0
fangyan-0.png 346,125,471,223,0
fangyan-1.png 329,123,465,212,0
fangyan-2.png 324,130,452,197,0
fangyan-3.png 339,121,455,217,0
fangyan-4.png 351,131,452,208,0
fangyan-5.png 345,130,439,220,0
fangyan-6.png 351,130,443,202,0
fangyan-7.png 344,128,448,199,0
fangyan-8.png 355,127,422,194,0
fangyan-9.png 336,125,483,223,0
fangzhiping-0.png 291,178,374,234,0
fangzhiping-1.png 298,177,375,241,0
fangzhiping-2.png 287,175,375,256,0
fangzhiping-3.png 282,174,374,247,0
fangzhiping-4.png 283,175,376,249,0
fangzhiping-5.png 280,178,383,250,0
fangzhiping-6.png 279,177,380,247,0
fangzhiping-7.png 284,180,387,252,0
fangzhiping-8.png 278,174,376,242,0
fangzhiping-9.png 278,172,376,243,0
fanping-0.png 371,288,694,419,0
fanping-1.png 449,288,625,427,0
fanping-2.png 452,287,619,414,0
fanping-3.png 452,280,642,416,0
fanping-4.png 444,277,660,412,0
fanping-5.png 438,267,687,399,0
fanping-6.png 439,283,687,411,0
fanping-7.png 422,276,672,401,0
fanping-8.png 473,266,705,410,0
fanping-9.png 438,277,668,412,0
fanyongzhi-0.png 274,148,419,256,0
fanyongzhi-1.png 268,149,426,257,0
fanyongzhi-2.png 270,146,414,249,0
fanyongzhi-3.png 268,144,422,259,0
fanyongzhi-4.png 269,147,403,262,0
fanyongzhi-5.png 264,151,409,256,0
fanyongzhi-6.png 254,147,397,262,0
fanyongzhi-7.png 258,151,392,245,0
fanyongzhi-8.png 246,144,403,256,0
fanyongzhi-9.png 258,152,402,258,0
fanyuling-0.png 368,116,469,196,0
fanyuling-1.png 373,123,475,196,0
fanyuling-2.png 379,124,470,198,0
fanyuling-3.png 380,123,470,195,0
fanyuling-4.png 380,123,470,195,0
fanyuling-5.png 374,112,469,195,0
fanyuling-6.png 376,117,475,195,0
fanyuling-7.png 387,131,447,162,0
fanyuling-8.png 441,170,511,231,0
fanyuling-9.png 309,112,442,212,0
fengxiaojuan-0.png 356,164,475,231,0
fengxiaojuan-1.png 361,165,455,233,0
fengxiaojuan-2.png 313,137,383,189,0
fengxiaojuan-3.png 320,144,378,189,0
fengxiaojuan-4.png 304,135,389,200,0
fengxiaojuan-5.png 285,139,375,216,0
fengxiaojuan-6.png 291,123,398,218,0
fengxiaojuan-7.png 297,130,397,218,0
fengxiaojuan-8.png 292,133,404,220,0
fengxiaojuan-9.png 286,130,397,214,0
fucaiping-0.png 347,140,399,191,0
fucaiping-1.png 349,139,396,192,0
fucaiping-2.png 318,147,370,184,0
fucaiping-3.png 301,138,374,193,0
fucaiping-4.png 352,144,388,182,0
fucaiping-5.png 353,147,392,182,0
fucaiping-6.png 341,148,389,184,0
fucaiping-7.png 340,144,397,186,0
fucaiping-8.png 338,145,385,194,0
fucaiping-9.png 343,140,397,183,0
fuyuchan-0.png 218,136,353,229,0
fuyuchan-1.png 226,141,333,218,0
fuyuchan-2.png 204,134,340,225,0
fuyuchan-3.png 202,129,336,230,0
fuyuchan-4.png 324,164,479,268,0
fuyuchan-5.png 309,149,473,258,0
fuyuchan-6.png 353,189,438,255,0
fuyuchan-7.png 313,142,473,242,0
fuyuchan-8.png 320,145,478,261,0
fuyuchan-9.png 307,148,468,253,0
guwen-0.png 256,223,401,327,0
guwen-1.png 255,229,423,315,0
guwen-2.png 232,226,426,320,0
guwen-3.png 249,222,432,319,0
guwen-4.png 229,225,431,316,0
guwen-5.png 228,224,434,321,0
guwen-6.png 198,218,438,322,0
guwen-7.png 206,223,437,327,0
guwen-8.png 196,220,438,313,0
guwen-9.png 209,230,443,336,0
hanxiangqin-0.png 290,116,470,238,0
hanxiangqin-1.png 272,116,476,264,0
hanxiangqin-2.png 283,120,486,250,0
hanxiangqin-3.png 271,122,483,248,0
hanxiangqin-4.png 280,115,480,248,0
hanxiangqin-5.png 281,124,470,238,0
hanxiangqin-6.png 275,119,462,253,0
hanxiangqin-7.png 278,121,488,260,0
hanxiangqin-8.png 277,114,488,264,0
hanxiangqin-9.png 278,123,461,260,0
houweiping-0.png 302,158,322,164,0
houweiping-1.png 289,156,419,252,0
houweiping-2.png 296,148,413,248,0
houweiping-3.png 292,149,413,258,0
houweiping-4.png 302,149,410,250,0
houweiping-5.png 310,147,404,253,0
houweiping-6.png 307,151,404,233,0
houweiping-7.png 316,151,390,231,0
houweiping-8.png 309,154,389,250,0
houweiping-9.png 313,142,407,253,0
huangxiaolu-0.png 360,142,487,226,0
huangxiaolu-1.png 369,139,488,223,0
huangxiaolu-2.png 362,138,497,238,0
huangxiaolu-3.png 370,132,489,222,0
huangxiaolu-4.png 360,135,491,228,0
huangxiaolu-5.png 372,136,483,226,0
huangxiaolu-6.png 366,131,485,221,0
huangxiaolu-7.png 357,135,468,234,0
huangxiaolu-8.png 363,135,485,238,0
huangxiaolu-9.png 370,133,497,246,0
huangyuqin-0.png 314,158,459,270,0
huangyuqin-1.png 302,154,452,268,0
huangyuqin-2.png 302,153,459,273,0
huangyuqin-3.png 297,154,454,280,0
huangyuqin-4.png 296,153,442,274,0
huangyuqin-5.png 304,155,448,270,0
huangyuqin-6.png 302,152,458,277,0
huangyuqin-7.png 311,159,444,284,0
huangyuqin-8.png 318,157,445,267,0
huangyuqin-9.png 323,159,441,252,0
huyating-0.png 157,134,585,327,0
huyating-1.png 159,130,581,338,0
huyating-2.png 172,133,581,332,0
huyating-3.png 145,130,588,326,0
huyating-4.png 151,130,577,328,0
huyating-5.png 140,136,601,332,0
huyating-6.png 185,134,614,327,0
huyating-7.png 142,145,618,317,0
huyating-8.png 134,136,625,324,0
huyating-9.png 141,130,627,331,0
huyiling-0.png 246,138,363,208,0
huyiling-1.png 253,140,452,237,0
huyiling-2.png 250,128,455,235,0
huyiling-3.png 244,134,458,234,0
huyiling-4.png 248,141,446,252,0
huyiling-5.png 243,129,466,241,0
huyiling-6.png 236,136,459,243,0
huyiling-7.png 227,142,464,252,0
huyiling-8.png 229,129,470,260,0
huyiling-9.png 193,133,471,250,0
jianglili-0.png 306,166,368,226,0
jianglili-1.png 300,169,381,225,0
jianglili-2.png 303,176,346,211,0
jianglili-3.png 311,155,400,212,0
jianglili-4.png 314,157,405,221,0
jianglili-5.png 305,156,409,219,0
jianglili-6.png 302,162,409,225,0
jianglili-7.png 297,159,392,222,0
jianglili-8.png 343,170,374,208,0
jianglili-9.png 345,171,391,215,0
jinyina-0.png 234,197,540,321,0
jinyina-1.png 226,188,514,308,0
jinyina-2.png 228,203,532,303,0
jinyina-3.png 214,202,518,304,0
jinyina-4.png 225,201,519,310,0
jinyina-5.png 229,201,523,315,0
jinyina-6.png 238,203,505,290,0
jinyina-7.png 253,203,513,306,0
jinyina-8.png 260,200,510,304,0
jinyina-9.png 263,197,512,296,0
konglingmei-0.png 281,202,397,313,0
konglingmei-1.png 286,205,417,300,0
konglingmei-2.png 294,202,431,316,0
konglingmei-3.png 291,199,439,307,0
konglingmei-4.png 288,187,463,328,0
konglingmei-5.png 291,193,481,325,0
konglingmei-6.png 296,182,487,337,0
konglingmei-7.png 298,202,459,311,0
konglingmei-8.png 296,203,472,337,0
konglingmei-9.png 283,190,471,329,0
lijinxin-0.png 270,203,370,270,0
lijinxin-1.png 277,207,376,264,0
lijinxin-2.png 277,203,386,269,0
lijinxin-3.png 279,206,374,263,0
lijinxin-4.png 277,205,390,269,0
lijinxin-5.png 283,210,369,268,0
lijinxin-6.png 278,216,370,271,0
lijinxin-7.png 280,221,351,269,0
lijinxin-8.png 288,216,347,261,0
lijinxin-9.png 287,216,353,266,0
linaifang-0.png 244,177,405,281,0
linaifang-1.png 179,175,403,283,0
linaifang-2.png 178,174,401,299,0
linaifang-3.png 182,168,397,299,0
linaifang-4.png 193,163,396,294,0
linaifang-5.png 167,169,398,309,0
linaifang-6.png 177,174,413,320,0
linaifang-7.png 183,171,453,290,0
linaifang-8.png 166,178,445,315,0
linaifang-9.png 167,176,452,319,0
lishuqin-0.png 290,230,391,323,0
lishuqin-1.png 286,226,389,314,0
lishuqin-2.png 293,221,374,304,0
lishuqin-3.png 280,220,384,311,0
lishuqin-4.png 292,233,368,295,0
lishuqin-5.png 293,235,377,298,0
lishuqin-6.png 308,232,364,290,0
lishuqin-7.png 313,236,354,277,0
lishuqin-8.png 335,243,386,286,0
lishuqin-9.png 326,228,401,297,0
liulizhu-0.png 350,142,458,204,0
liulizhu-1.png 361,139,462,200,0
liulizhu-2.png 350,138,456,203,0
liulizhu-3.png 355,135,453,193,0
liulizhu-4.png 372,141,457,201,0
liulizhu-5.png 383,147,453,198,0
liulizhu-7.png 326,147,421,202,0
liulizhu-8.png 325,145,421,206,0
liulizhu-9.png 332,142,437,215,0
liushuyi-0.png 267,127,443,271,0
liushuyi-1.png 281,123,441,255,0
liushuyi-2.png 260,122,464,273,0
liushuyi-3.png 264,125,462,266,0
liushuyi-4.png 275,120,459,269,0
liushuyi-5.png 263,120,441,268,0
liushuyi-6.png 263,125,442,260,0
liushuyi-7.png 280,123,448,260,0
liushuyi-8.png 286,122,450,275,0
liushuyi-9.png 270,117,457,266,0
lixiangyan-0.png 247,140,395,229,0
lixiangyan-1.png 250,146,386,232,0
lixiangyan-2.png 260,145,381,227,0
lixiangyan-3.png 260,142,380,232,0
lixiangyan-4.png 253,149,377,218,0
lixiangyan-5.png 256,142,386,223,0
lixiangyan-6.png 286,155,395,225,0
lixiangyan-7.png 255,142,377,224,0
lixiangyan-8.png 253,143,382,215,0
lixiangyan-9.png 256,148,377,210,0
maoxiuwen-0.png 235,148,498,270,0
maoxiuwen-1.png 237,156,519,274,0
maoxiuwen-2.png 248,157,507,286,0
maoxiuwen-3.png 245,151,508,274,0
maoxiuwen-4.png 246,155,509,266,0
maoxiuwen-5.png 263,153,511,268,0
maoxiuwen-6.png 280,149,519,281,0
maoxiuwen-7.png 338,151,555,270,0
maoxiuwen-8.png 320,150,532,260,0
maoxiuwen-9.png 340,152,519,265,0
meichange-0.png 267,189,504,341,0
meichange-1.png 271,201,491,339,0
meichange-2.png 267,201,501,324,0
meichange-3.png 273,197,490,309,0
meichange-4.png 278,194,457,308,0
meichange-5.png 263,198,451,290,0
meichange-6.png 278,197,434,278,0
meichange-7.png 271,197,444,287,0
meichange-8.png 270,215,433,288,0
meichange-9.png 295,212,434,279,0
meiwenhong-0.png 320,143,435,223,0
meiwenhong-1.png 315,139,445,230,0
meiwenhong-2.png 316,138,452,228,0
meiwenhong-3.png 310,137,443,222,0
meiwenhong-4.png 304,137,442,223,0
meiwenhong-5.png 300,135,445,222,0
meiwenhong-6.png 295,139,438,233,0
meiwenhong-7.png 288,135,460,255,0
meiwenhong-8.png 283,140,444,237,0
meiwenhong-9.png 268,147,437,248,0
mengjufang-0.png 289,172,382,249,0
mengjufang-1.png 289,176,397,249,0
mengjufang-2.png 282,168,406,243,0
mengjufang-3.png 287,175,395,239,0
mengjufang-4.png 287,177,403,241,0
mengjufang-5.png 286,174,390,244,0
mengjufang-6.png 279,171,398,246,0
mengjufang-7.png 290,175,407,242,0
mengjufang-8.png 273,167,402,238,0
mengjufang-9.png 292,174,409,235,0
miaomenghan-0.png 214,146,479,287,0
miaomenghan-1.png 222,142,474,291,0
miaomenghan-2.png 210,149,484,298,0
miaomenghan-3.png 229,139,471,295,0
miaomenghan-4.png 221,151,483,289,0
miaomenghan-5.png 207,152,483,291,0
miaomenghan-6.png 221,158,475,293,0
miaomenghan-7.png 210,146,466,286,0
miaomenghan-8.png 201,148,465,289,0
miaomenghan-9.png 199,148,463,314,0
moujinghua-0.png 261,147,399,217,0
moujinghua-1.png 262,140,395,214,0
moujinghua-2.png 268,144,388,208,0
moujinghua-3.png 260,145,407,208,0
moujinghua-4.png 261,141,388,213,0
moujinghua-5.png 263,146,403,212,0
moujinghua-6.png 257,147,397,206,0
moujinghua-7.png 266,146,392,206,0
moujinghua-8.png 259,145,386,206,0
moujinghua-9.png 284,144,405,206,0
outingting-0.png 420,306,584,419,0
outingting-1.png 436,318,588,424,0
outingting-2.png 472,297,630,428,0
outingting-3.png 415,314,595,422,0
outingting-4.png 419,304,605,421,0
outingting-5.png 433,313,619,426,0
outingting-6.png 443,302,617,434,0
outingting-7.png 424,304,595,417,0
outingting-8.png 279,220,352,282,0
outingting-9.png 272,205,361,277,0
pengyuxia-0.png 229,172,405,266,0
pengyuxia-1.png 233,164,415,254,0
pengyuxia-2.png 223,173,403,273,0
pengyuxia-3.png 232,176,397,268,0
pengyuxia-4.png 229,184,366,261,0
pengyuxia-5.png 219,182,361,258,0
pengyuxia-6.png 256,183,338,252,0
pengyuxia-7.png 245,188,330,242,0
pengyuxia-8.png 329,210,379,254,0
pengyuxia-9.png 312,198,387,255,0
rongxiujuan-0.png 325,145,397,209,0
rongxiujuan-1.png 322,144,397,208,0
rongxiujuan-2.png 317,146,408,229,0
rongxiujuan-3.png 319,142,392,207,0
rongxiujuan-4.png 314,145,391,214,0
rongxiujuan-5.png 313,140,395,219,0
rongxiujuan-6.png 310,132,399,217,0
rongxiujuan-7.png 327,150,388,208,0
rongxiujuan-8.png 320,150,388,210,0
rongxiujuan-9.png 323,145,383,201,0
shenbo-0.png 481,275,528,329,0
shenbo-1.png 463,272,516,322,0
shenbo-2.png 436,277,509,318,0
shenbo-3.png 439,271,504,335,0
shenbo-4.png 494,276,576,328,0
shenbo-5.png 496,264,563,330,0
shenbo-6.png 484,275,566,324,0
shenbo-7.png 516,277,588,322,0
shenbo-8.png 490,272,570,328,0
shenbo-9.png 494,268,557,324,0
siriguleng-0.png 299,161,412,229,0
siriguleng-1.png 308,162,414,226,0
siriguleng-2.png 303,161,425,230,0
siriguleng-3.png 300,166,419,228,0
siriguleng-4.png 308,166,400,224,0
siriguleng-5.png 314,178,352,209,0
siriguleng-6.png 326,161,418,225,0
siriguleng-7.png 339,168,405,216,0
siriguleng-8.png 355,171,405,204,0
siriguleng-9.png 375,185,434,237,0
songyuan-0.png 259,142,466,216,0
songyuan-1.png 268,144,450,227,0
songyuan-2.png 281,139,459,215,0
songyuan-3.png 264,138,437,216,0
songyuan-4.png 265,144,441,222,0
songyuan-5.png 268,134,456,228,0
songyuan-6.png 272,134,468,228,0
songyuan-7.png 271,137,466,227,0
songyuan-8.png 276,141,457,235,0
songyuan-9.png 284,140,434,220,0
sunmaojing-0.png 432,193,548,275,0
sunmaojing-1.png 436,185,550,275,0
sunmaojing-2.png 436,195,555,284,0
sunmaojing-3.png 439,194,561,296,0
sunmaojing-4.png 423,199,573,297,0
sunmaojing-5.png 424,199,564,303,0
sunmaojing-6.png 435,196,605,302,0
sunmaojing-7.png 270,132,329,179,0
sunmaojing-8.png 260,128,339,188,0
sunmaojing-9.png 276,134,328,179,0
sunxuejun-0.png 280,211,429,324,0
sunxuejun-1.png 267,211,408,317,0
sunxuejun-2.png 267,196,413,313,0
sunxuejun-3.png 252,191,431,309,0
sunxuejun-4.png 241,193,436,311,0
sunxuejun-5.png 275,190,426,328,0
sunxuejun-6.png 269,196,419,301,0
sunxuejun-7.png 263,193,439,298,0
sunxuejun-8.png 273,175,438,314,0
sunxuejun-9.png 260,178,430,321,0
tuenyan-0.png 313,167,486,242,0
tuenyan-1.png 319,161,489,250,0
tuenyan-2.png 307,162,498,250,0
tuenyan-3.png 298,163,496,247,0
tuenyan-4.png 301,160,494,235,0
tuenyan-5.png 293,162,471,250,0
tuenyan-6.png 272,160,477,243,0
tuenyan-7.png 273,188,372,215,0
tuenyan-8.png 322,184,492,269,0
tuenyan-9.png 327,183,474,255,0
wanganmei-0.png 317,121,564,216,0
wanganmei-1.png 316,115,565,206,0
wanganmei-2.png 305,104,542,208,0
wanganmei-3.png 303,107,552,199,0
wanganmei-4.png 304,105,546,204,0
wanganmei-5.png 303,109,536,206,0
wanganmei-6.png 289,99,528,201,0
wanganmei-7.png 292,109,504,207,0
wanganmei-8.png 304,106,512,210,0
wanganmei-9.png 305,103,499,205,0
wangchenying-0.png 300,150,436,251,0
wangchenying-1.png 307,152,424,245,0
wangchenying-2.png 330,159,426,237,0
wangchenying-3.png 328,153,442,250,0
wangchenying-4.png 313,185,366,225,0
wangchenying-5.png 320,178,387,239,0
wangchenying-6.png 232,159,276,186,0
wangchenying-7.png 226,142,298,202,0
wangchenying-8.png 202,136,332,248,0
wangchenying-9.png 204,131,352,253,0
wanghuaiqin-0.png 249,222,388,326,0
wanghuaiqin-1.png 257,219,387,320,0
wanghuaiqin-2.png 255,228,395,330,0
wanghuaiqin-3.png 273,228,392,332,0
wanghuaiqin-4.png 259,226,414,325,0
wanghuaiqin-5.png 269,223,395,320,0
wanghuaiqin-6.png 273,222,379,306,0
wanghuaiqin-7.png 278,222,378,309,0
wanghuaiqin-8.png 278,228,363,314,0
wanghuaiqin-9.png 271,222,415,323,0
wangli-0.png 356,219,689,452,0
wangli-1.png 354,235,618,436,0
wangli-2.png 369,224,681,449,0
wangli-3.png 302,235,653,432,0
wangli-4.png 300,226,649,413,0
wangli-5.png 326,228,732,436,0
wangli-6.png 280,238,662,435,0
wangli-7.png 321,217,634,417,0
wangli-8.png 290,183,348,219,0
wangli-9.png 288,174,370,222,0
wangqin-0.png 320,118,476,215,0
wangqin-1.png 311,121,488,233,0
wangqin-2.png 307,131,487,223,0
wangqin-3.png 319,118,520,236,0
wangqin-4.png 316,122,502,223,0
wangqin-5.png 357,118,496,223,0
wangqin-6.png 264,117,476,261,0
wangqin-7.png 278,124,484,244,0
wangqin-8.png 275,134,488,244,0
wangqin-9.png 248,125,509,253,0
wangsufeng-0.png 329,188,444,282,0
wangsufeng-1.png 354,185,456,289,0
wangsufeng-2.png 353,200,429,268,0
wangsufeng-3.png 368,199,419,261,0
wangsufeng-4.png 339,190,393,236,0
wangsufeng-5.png 329,187,400,240,0
wangsufeng-6.png 326,183,430,259,0
wangsufeng-7.png 300,178,442,288,0
wangsufeng-8.png 308,187,440,281,0
wangsufeng-9.png 311,175,425,276,0
wangxinyuan-0.png 269,191,364,283,0
wangxinyuan-1.png 267,184,350,269,0
wangxinyuan-2.png 276,199,352,271,0
wangxinyuan-3.png 278,191,358,261,0
wangxinyuan-4.png 278,186,360,261,0
wangxinyuan-5.png 279,182,363,264,0
wangxinyuan-6.png 271,190,358,263,0
wangxinyuan-7.png 278,192,353,263,0
wangxinyuan-8.png 282,189,363,260,0
wangxinyuan-9.png 283,189,364,250,0
wuting-0.png 215,139,457,269,0
wuting-1.png 232,135,475,293,0
wuting-2.png 229,139,453,284,0
wuting-3.png 233,134,468,261,0
wuting-4.png 234,138,468,280,0
wuting-5.png 237,140,505,289,0
wuting-6.png 242,140,488,289,0
wuting-7.png 246,137,469,280,0
wuting-8.png 254,136,432,255,0
wuting-9.png 308,171,419,237,0
xingxinyun-0.png 369,143,496,255,0
xingxinyun-1.png 367,137,495,217,0
xingxinyun-2.png 362,146,468,197,0
xingxinyun-3.png 367,148,458,190,0
xingxinyun-4.png 288,163,397,270,0
xingxinyun-5.png 298,162,402,261,0
xingxinyun-6.png 295,164,392,251,0
xingxinyun-7.png 320,170,391,247,0
xingxinyun-8.png 310,168,374,234,0
xingxinyun-9.png 285,160,367,239,0
xuaiping-0.png 143,140,273,219,0
xuaiping-1.png 149,136,283,224,0
xuaiping-2.png 142,145,293,221,0
xuaiping-3.png 149,132,305,223,0
xuaiping-4.png 161,134,322,218,0
xuaiping-5.png 175,132,331,215,0
xuaiping-6.png 207,138,357,245,0
xuaiping-7.png 202,129,366,259,0
xuaiping-8.png 195,125,378,269,0
xuaiping-9.png 203,123,367,260,0
xufangfang-0.png 288,121,409,208,0
xufangfang-1.png 290,121,414,181,0
xufangfang-2.png 285,120,368,178,0
xufangfang-3.png 286,121,369,181,0
xufangfang-4.png 285,125,352,178,0
xufangfang-5.png 287,124,354,168,0
xufangfang-6.png 287,124,350,170,0
xufangfang-7.png 293,129,348,157,0
xufangfang-8.png 362,125,425,170,0
xufangfang-9.png 295,125,450,216,0
xufeng-0.png 368,162,477,228,0
xufeng-1.png 360,159,481,224,0
xufeng-2.png 383,159,467,227,0
xufeng-3.png 379,164,458,231,0
xufeng-4.png 371,160,453,228,0
xufeng-5.png 378,163,469,217,0
xufeng-6.png 376,158,465,215,0
xufeng-7.png 389,161,468,209,0
xufeng-8.png 378,161,454,213,0
xufeng-9.png 403,169,477,220,0
xusuqian-0.png 304,164,368,205,0
xusuqian-1.png 311,162,374,204,0
xusuqian-2.png 305,157,374,219,0
xusuqian-3.png 297,160,376,217,0
xusuqian-4.png 288,160,377,225,0
xusuqian-5.png 293,160,377,232,0
xusuqian-6.png 296,157,383,245,0
xusuqian-7.png 301,161,381,263,0
xusuqian-8.png 295,158,385,259,0
xusuqian-9.png 291,156,395,260,0
xuyan-0.png 365,219,556,390,0
xuyan-1.png 422,224,618,399,0
xuyan-2.png 306,173,405,247,0
xuyan-3.png 307,162,408,245,0
xuyan-4.png 306,159,422,261,0
xuyan-5.png 303,160,418,257,0
xuyan-6.png 301,159,428,272,0
xuyan-7.png 295,156,434,268,0
xuyan-8.png 302,157,424,268,0
xuyan-9.png 300,157,429,252,0
xuzhizhi-0.png 213,158,473,284,0
xuzhizhi-1.png 224,159,470,296,0
xuzhizhi-2.png 223,151,491,299,0
xuzhizhi-3.png 213,152,472,301,0
xuzhizhi-4.png 220,143,457,296,0
xuzhizhi-5.png 227,142,464,288,0
xuzhizhi-6.png 233,145,455,292,0
xuzhizhi-7.png 229,147,443,275,0
xuzhizhi-8.png 224,147,449,283,0
xuzhizhi-9.png 218,145,477,302,0
yangping-0.png 298,124,441,201,0
yangping-1.png 296,116,466,211,0
yangping-2.png 291,121,496,217,0
yangping-3.png 288,115,501,214,0
yangping-4.png 295,122,511,213,0
yangping-5.png 294,122,503,202,0
yangping-6.png 289,121,515,218,0
yangping-7.png 283,118,503,214,0
yangping-8.png 286,127,501,225,0
yangping-9.png 302,124,509,208,0
yangsongya-0.png 246,162,390,241,0
yangsongya-1.png 248,160,390,236,0
yangsongya-2.png 243,164,373,232,0
yangsongya-3.png 241,166,383,244,0
yangsongya-4.png 241,165,384,238,0
yangsongya-5.png 251,163,381,232,0
yangsongya-6.png 239,158,372,232,0
yangsongya-7.png 240,151,382,236,0
yangsongya-8.png 228,151,356,236,0
yangsongya-9.png 245,162,356,232,0
yaolanping-0.png 269,203,441,326,0
yaolanping-1.png 295,211,430,320,0
yaolanping-2.png 277,194,461,321,0
yaolanping-3.png 278,202,416,319,0
yaolanping-4.png 282,199,441,348,0
yaolanping-5.png 273,199,433,327,0
yaolanping-6.png 293,190,453,309,0
yaolanping-7.png 297,206,442,322,0
yaolanping-8.png 290,211,446,319,0
yaolanping-9.png 273,208,454,341,0
yaoqi-0.png 260,153,403,252,0
yaoqi-1.png 262,153,422,266,0
yaoqi-2.png 258,146,407,236,0
yaoqi-3.png 256,159,401,251,0
yaoqi-4.png 260,157,404,249,0
yaoqi-5.png 270,151,414,242,0
yaoqi-6.png 259,150,421,244,0
yaoqi-7.png 259,153,400,246,0
yaoqi-8.png 260,163,396,247,0
yaoqi-9.png 271,147,415,240,0
yinzhaoqiong-0.png 257,138,535,274,0
yinzhaoqiong-1.png 299,132,538,272,0
yinzhaoqiong-2.png 291,138,558,295,0
yinzhaoqiong-3.png 305,133,567,264,0
yinzhaoqiong-4.png 309,133,546,272,0
yinzhaoqiong-5.png 295,143,569,259,0
yinzhaoqiong-6.png 332,144,565,262,0
yinzhaoqiong-7.png 312,131,539,265,0
yinzhaoqiong-8.png 313,139,536,258,0
yinzhaoqiong-9.png 326,146,504,262,0
yufang-0.png 299,144,435,221,0
yufang-1.png 308,147,438,224,0
yufang-2.png 309,153,431,241,0
yufang-3.png 304,153,457,222,0
yufang-4.png 310,152,429,223,0
yufang-5.png 314,157,436,214,0
yufang-6.png 312,165,442,220,0
yufang-7.png 309,165,430,210,0
yufang-8.png 321,162,438,217,0
yufang-9.png 314,165,417,217,0
zhangchaxiang-0.png 385,193,615,311,0
zhangchaxiang-1.png 393,195,593,311,0
zhangchaxiang-2.png 391,189,589,329,0
zhangchaxiang-3.png 409,200,578,308,0
zhangchaxiang-4.png 360,196,604,322,0
zhangchaxiang-5.png 439,208,559,308,0
zhangchaxiang-6.png 350,208,504,322,0
zhangchaxiang-7.png 292,193,509,327,0
zhangchaxiang-8.png 441,192,651,308,0
zhangchaxiang-9.png 443,186,652,306,0
zhangchunhua-0.png 297,123,487,241,0
zhangchunhua-1.png 311,115,498,250,0
zhangchunhua-2.png 306,117,478,227,0
zhangchunhua-3.png 310,123,495,255,0
zhangchunhua-4.png 311,119,485,229,0
zhangchunhua-5.png 311,116,494,238,0
zhangchunhua-6.png 304,120,489,238,0
zhangchunhua-7.png 316,124,481,250,0
zhangchunhua-8.png 325,124,487,247,0
zhangchunhua-9.png 333,119,493,238,0
zhangfansen-0.png 225,131,485,277,0
zhangfansen-1.png 265,160,456,267,0
zhangfansen-2.png 282,160,481,292,0
zhangfansen-3.png 273,143,504,282,0
zhangfansen-4.png 293,152,487,281,0
zhangfansen-5.png 280,160,464,272,0
zhangfansen-6.png 278,169,414,266,0
zhangfansen-7.png 269,175,446,294,0
zhangfansen-8.png 269,155,450,282,0
zhangfansen-9.png 239,167,439,281,0
zhanghuihui-0.png 318,135,424,251,0
zhanghuihui-1.png 308,130,423,248,0
zhanghuihui-2.png 313,127,424,237,0
zhanghuihui-3.png 324,130,421,258,0
zhanghuihui-4.png 322,124,440,242,0
zhanghuihui-5.png 315,130,430,247,0
zhanghuihui-6.png 319,124,437,248,0
zhanghuihui-7.png 323,126,441,246,0
zhanghuihui-8.png 336,132,455,243,0
zhanghuihui-9.png 325,128,452,240,0
zhangliyun-0.png 294,140,452,229,0
zhangliyun-1.png 300,129,466,228,0
zhangliyun-2.png 297,127,454,235,0
zhangliyun-3.png 303,125,465,235,0
zhangliyun-4.png 303,122,466,238,0
zhangliyun-5.png 294,115,478,239,0
zhangliyun-6.png 298,116,509,241,0
zhangliyun-7.png 309,119,509,249,0
zhangliyun-8.png 299,128,497,231,0
zhangliyun-9.png 350,138,459,223,0
zhangzhenfang-0.png 311,170,387,222,0
zhangzhenfang-1.png 307,174,385,224,0
zhangzhenfang-2.png 318,184,395,227,0
zhangzhenfang-3.png 244,169,445,285,0
zhangzhenfang-4.png 258,173,419,283,0
zhangzhenfang-5.png 260,173,420,284,0
zhangzhenfang-6.png 253,181,405,288,0
zhangzhenfang-7.png 241,181,421,273,0
zhangzhenfang-8.png 243,171,411,284,0
zhangzhenfang-9.png 241,174,413,288,0
zhaojuan-0.png 307,176,399,253,0
zhaojuan-1.png 300,181,396,265,0
zhaojuan-2.png 299,170,402,266,0
zhaojuan-3.png 289,165,408,274,0
zhaojuan-4.png 308,159,398,273,0
zhaojuan-5.png 295,169,391,264,0
zhaojuan-6.png 299,174,397,272,0
zhaojuan-7.png 312,175,386,271,0
zhaojuan-8.png 300,194,367,262,0
zhaojuan-9.png 324,205,364,266,0
zhaomimi-0.png 180,130,538,296,0
zhaomimi-1.png 179,135,537,295,0
zhaomimi-2.png 167,125,538,302,0
zhaomimi-3.png 174,131,537,302,0
zhaomimi-4.png 181,128,556,300,0
zhaomimi-5.png 188,128,550,298,0
zhaomimi-6.png 171,132,527,303,0
zhaomimi-7.png 176,134,533,312,0
zhaomimi-8.png 177,134,521,310,0
zhaomimi-9.png 180,133,529,316,0
zhaosongdi-0.png 339,145,419,218,0
zhaosongdi-1.png 334,140,423,220,0
zhaosongdi-2.png 366,132,433,200,0
zhaosongdi-3.png 350,124,420,199,0
zhaosongdi-4.png 351,128,427,200,0
zhaosongdi-5.png 344,120,415,200,0
zhaosongdi-6.png 361,126,437,199,0
zhaosongdi-7.png 341,120,419,193,0
zhaosongdi-8.png 347,130,423,200,0
zhaosongdi-9.png 356,118,421,194,0
zhengxiaoying-0.png 327,160,424,239,0
zhengxiaoying-1.png 339,164,407,233,0
zhengxiaoying-2.png 333,161,405,227,0
zhengxiaoying-3.png 335,162,411,230,0
zhengxiaoying-4.png 375,176,442,226,0
zhengxiaoying-5.png 374,177,457,236,0
zhengxiaoying-6.png 367,167,449,234,0
zhengxiaoying-7.png 358,176,459,242,0
zhengxiaoying-8.png 345,175,449,236,0
zhengxiaoying-9.png 338,175,449,244,0
zhouliping-0.png 288,142,385,223,0
zhouliping-1.png 237,154,396,253,0
zhouliping-2.png 257,152,450,261,0
zhouliping-3.png 252,150,443,266,0
zhouliping-4.png 249,148,452,275,0
zhouliping-5.png 252,141,454,280,0
zhouliping-6.png 247,146,449,282,0
zhouliping-7.png 248,150,451,283,0
zhouliping-8.png 249,152,454,288,0
zhouliping-9.png 301,168,345,212,0
zhouxiaotian-0.png 294,133,397,208,0
zhouxiaotian-1.png 293,136,389,208,0
zhouxiaotian-2.png 292,141,404,229,0
zhouxiaotian-3.png 285,140,385,211,0
zhouxiaotian-4.png 283,135,386,212,0
zhouxiaotian-5.png 279,141,390,207,0
zhouxiaotian-6.png 280,134,383,212,0
zhouxiaotian-7.png 288,131,398,210,0
zhouxiaotian-8.png 278,125,392,219,0
zhouxiaotian-9.png 276,126,392,213,0
zhouzhongxing-0.png 247,152,429,248,0
zhouzhongxing-1.png 279,177,447,254,0
zhouzhongxing-2.png 280,171,463,271,0
zhouzhongxing-3.png 272,169,447,258,0
zhouzhongxing-4.png 281,169,426,257,0
zhouzhongxing-5.png 270,167,448,258,0
zhouzhongxing-6.png 278,161,443,256,0
zhouzhongxing-7.png 281,167,456,256,0
zhouzhongxing-8.png 286,164,479,263,0
zhouzhongxing-9.png 279,158,452,266,0
zhucuixia-0.png 206,173,535,333,0
zhucuixia-1.png 184,173,532,369,0
zhucuixia-2.png 171,175,533,364,0
zhucuixia-3.png 190,182,536,373,0
zhucuixia-4.png 189,170,538,358,0
zhucuixia-5.png 175,176,542,375,0
zhucuixia-6.png 185,149,536,366,0
zhucuixia-7.png 172,149,540,379,0
zhucuixia-8.png 153,166,537,370,0
zhucuixia-9.png 153,172,534,387,0
zhumengli-0.png 255,118,469,291,0
zhumengli-1.png 255,118,470,281,0
zhumengli-2.png 254,116,514,306,0
zhumengli-3.png 258,115,478,283,0
zhumengli-4.png 239,115,495,271,0
zhumengli-5.png 255,119,475,271,0
zhumengli-6.png 240,119,487,293,0
zhumengli-7.png 239,118,469,285,0
zhumengli-8.png 249,119,487,292,0
zhumengli-9.png 252,116,450,260,0
zhuyanting-0.png 279,148,401,246,0
zhuyanting-1.png 271,143,407,243,0
zhuyanting-2.png 282,149,397,232,0
zhuyanting-3.png 289,156,397,230,0
zhuyanting-4.png 290,170,374,242,0
zhuyanting-5.png 316,157,399,197,0
zhuyanting-6.png 258,166,343,199,0
zhuyanting-7.png 255,156,376,259,0
zhuyanting-8.png 251,148,398,258,0
zhuyanting-9.png 238,143,388,250,0
520688-0.png 297,192,509,436,1
520688-1.png 273,188,496,429,1
520688-2.png 260,205,486,450,1
520688-3.png 284,223,473,402,1
520688-4.png 284,201,512,406,1
520688-5.png 291,212,508,408,1
520688-6.png 313,208,511,422,1
520688-7.png 303,201,495,425,1
520688-8.png 283,189,516,427,1
520688-9.png 285,186,487,429,1
520761-0.png 240,148,446,296,1
520761-1.png 253,151,442,292,1
520761-2.png 306,194,407,273,1
520761-3.png 259,167,375,260,1
520761-4.png 227,166,384,292,1
520761-5.png 235,150,385,308,1
520761-6.png 218,141,393,294,1
520761-7.png 218,118,435,338,1
520761-8.png 226,132,455,323,1
520761-9.png 224,131,445,317,1
520927-0.png 118,187,470,356,1
520927-1.png 121,179,476,394,1
520927-2.png 104,165,491,372,1
520927-3.png 106,139,529,407,1
520927-4.png 104,129,558,379,1
520927-5.png 94,136,566,417,1
520927-6.png 105,122,585,386,1
520927-7.png 100,130,549,392,1
520927-8.png 100,136,550,407,1
520927-9.png 103,139,568,399,1
521003-0.png 200,120,456,331,1
521003-1.png 237,148,391,309,1
521003-2.png 239,155,444,326,1
521003-3.png 235,137,438,320,1
521003-4.png 220,130,413,323,1
521003-5.png 230,142,432,338,1
521003-6.png 223,145,422,328,1
521003-7.png 237,134,414,322,1
521003-8.png 240,141,426,317,1
521003-9.png 255,139,440,317,1
521465-0.png 207,118,590,361,1
521465-1.png 165,100,515,311,1
521465-2.png 213,117,554,322,1
521465-3.png 197,126,554,342,1
521465-4.png 175,128,600,330,1
521465-5.png 148,131,577,302,1
521465-6.png 174,133,605,355,1
521465-7.png 172,132,637,325,1
521465-8.png 154,134,578,322,1
521465-9.png 160,138,589,340,1
521558-0.png 159,137,477,326,1
521558-1.png 169,144,501,341,1
521558-2.png 157,151,508,363,1
521558-3.png 145,164,487,350,1
521558-4.png 160,145,442,352,1
521558-5.png 165,142,490,353,1
521558-6.png 144,152,503,344,1
521558-7.png 150,146,516,331,1
521558-8.png 146,148,543,379,1
521558-9.png 132,142,487,364,1
521596-0.png 138,115,566,381,1
521596-1.png 159,157,575,420,1
521596-2.png 178,161,522,387,1
521596-3.png 413,162,521,260,1
521596-4.png 179,192,465,411,1
521596-5.png 166,198,507,437,1
521596-6.png 162,186,556,455,1
521596-7.png 161,178,494,457,1
521596-8.png 152,163,429,421,1
521596-9.png 158,169,453,465,1
521670-0.png 212,136,442,332,1
521670-1.png 163,118,429,348,1
521670-2.png 191,123,486,326,1
521670-3.png 154,120,456,306,1
521670-4.png 195,120,417,299,1
521670-5.png 232,116,421,301,1
521670-6.png 200,114,360,256,1
521670-7.png 324,180,490,302,1
521670-8.png 292,142,509,296,1
521670-9.png 247,110,496,294,1
522350-0.png 214,200,348,298,1
522350-1.png 232,170,424,330,1
522350-2.png 213,135,447,311,1
522350-3.png 206,138,446,325,1
522350-4.png 203,155,421,326,1
522350-5.png 180,137,466,328,1
522350-6.png 197,164,442,380,1
522350-7.png 189,148,477,378,1
522350-8.png 198,176,451,347,1
522350-9.png 190,155,349,314,1
522364-0.png 264,162,527,363,1
522364-1.png 142,136,549,381,1
522364-2.png 156,140,573,423,1
522364-3.png 152,105,519,408,1
522364-4.png 120,130,565,423,1
522364-5.png 146,138,582,447,1
522364-6.png 122,140,593,388,1
522364-7.png 146,153,595,432,1
522364-8.png 97,166,597,431,1
522364-9.png 106,161,596,396,1
523515-0.png 293,181,491,381,1
523515-1.png 159,158,537,364,1
523515-2.png 142,117,623,393,1
523515-3.png 116,121,625,373,1
523515-4.png 91,118,592,377,1
523515-5.png 112,130,575,414,1
523515-6.png 104,133,550,422,1
523515-7.png 101,138,550,395,1
523515-8.png 105,140,528,397,1
523515-9.png 108,139,517,393,1
523917-0.png 204,145,601,427,1
523917-1.png 167,138,594,431,1
523917-2.png 142,141,591,456,1
523917-3.png 186,121,584,429,1
523917-4.png 152,134,596,419,1
523917-5.png 156,159,546,402,1
523917-6.png 148,159,507,419,1
523917-7.png 123,162,480,421,1
523917-8.png 160,142,507,445,1
523917-9.png 148,163,518,431,1
524227-0.png 212,148,479,380,1
524227-1.png 221,145,492,343,1
524227-2.png 261,176,466,308,1
524227-3.png 265,169,535,316,1
524227-4.png 236,184,471,362,1
524227-5.png 273,178,510,351,1
524227-6.png 246,199,548,315,1
524227-7.png 248,183,507,348,1
524227-8.png 252,172,489,375,1
524227-9.png 262,172,507,369,1
524534-0.png 293,156,564,427,1
524534-1.png 268,142,578,425,1
524534-2.png 250,164,562,446,1
524534-3.png 241,161,575,428,1
524534-4.png 218,162,555,413,1
524534-5.png 228,168,555,424,1
524534-6.png 259,159,525,428,1
524534-7.png 272,158,525,399,1
524534-8.png 258,157,538,385,1
524534-9.png 253,154,558,392,1
524592-0.png 355,169,453,275,1
524592-1.png 354,183,456,249,1
524592-2.png 196,210,542,410,1
524592-3.png 220,206,533,406,1
524592-4.png 235,219,542,430,1
524592-5.png 230,164,522,408,1
524592-6.png 267,178,549,409,1
524592-7.png 259,177,536,400,1
524592-8.png 271,172,570,389,1
524592-9.png 270,176,521,355,1
524779-0.png 185,170,405,339,1
524779-1.png 209,187,397,341,1
524779-2.png 284,187,463,360,1
524779-3.png 283,196,459,344,1
524779-4.png 290,200,445,329,1
524779-5.png 263,181,460,353,1
524779-6.png 282,194,443,343,1
524779-7.png 288,192,451,354,1
524779-8.png 271,194,435,336,1
524779-9.png 297,199,444,319,1
539727-0.png 170,118,466,329,1
539727-1.png 154,132,487,343,1
539727-2.png 138,151,482,336,1
539727-3.png 193,123,581,345,1
539727-4.png 196,109,600,306,1
539727-5.png 189,117,593,350,1
539727-6.png 183,112,587,359,1
539727-7.png 173,112,584,345,1
539727-8.png 177,111,600,354,1
539727-9.png 151,112,584,355,1
540432-0.png 131,121,520,332,1
540432-1.png 124,119,499,338,1
540432-2.png 129,124,491,325,1
540432-3.png 144,125,524,326,1
540432-4.png 142,119,536,330,1
540432-5.png 126,119,516,323,1
540432-6.png 152,124,501,358,1
540432-7.png 215,157,436,290,1
540432-8.png 152,125,490,326,1
540432-9.png 192,113,545,320,1
541363-0.png 127,148,549,436,1
541363-1.png 163,174,554,434,1
541363-2.png 170,177,566,452,1
541363-3.png 175,187,556,462,1
541363-4.png 162,171,556,440,1
541363-5.png 184,211,498,431,1
541363-6.png 191,198,533,449,1
541363-7.png 121,185,525,431,1
541363-8.png 126,200,468,440,1
541363-9.png 151,192,493,431,1
541368-0.png 246,177,497,379,1
541368-1.png 241,203,470,347,1
541368-2.png 268,216,459,325,1
541368-3.png 271,166,555,385,1
541368-4.png 255,139,560,370,1
541368-5.png 238,140,595,373,1
541368-6.png 272,149,584,373,1
541368-7.png 280,156,581,419,1
541368-8.png 267,156,564,381,1
541368-9.png 285,139,586,404,1
541809-0.png 150,124,530,404,1
541809-1.png 161,138,504,380,1
541809-2.png 158,146,518,382,1
541809-3.png 169,150,518,386,1
541809-4.png 148,137,531,384,1
541809-5.png 156,145,476,377,1
541809-6.png 166,145,487,390,1
541809-7.png 186,166,505,451,1
541809-8.png 125,147,544,390,1
541809-9.png 136,140,548,417,1
541825-0.png 235,96,567,339,1
541825-1.png 231,72,564,341,1
541825-2.png 269,88,537,312,1
541825-3.png 264,85,512,313,1
541825-4.png 297,88,558,324,1
541825-5.png 267,105,489,269,1
541825-6.png 275,103,509,260,1
541825-7.png 280,107,500,253,1
541825-8.png 295,112,474,239,1
541825-9.png 320,130,473,228,1
545158-0.png 272,118,417,327,1
545158-1.png 276,137,407,334,1
545158-2.png 244,148,433,336,1
545158-3.png 233,125,404,321,1
545158-4.png 245,134,405,313,1
545158-5.png 226,122,436,330,1
545158-6.png 236,134,450,342,1
545158-7.png 218,121,410,327,1
545158-8.png 229,126,414,307,1
545158-9.png 247,129,397,318,1
545472-0.png 322,193,481,295,1
545472-1.png 337,184,483,296,1
545472-2.png 330,191,466,284,1
545472-3.png 272,194,419,297,1
545472-4.png 251,187,430,327,1
545472-5.png 263,197,471,328,1
545472-6.png 259,181,470,306,1
545472-7.png 247,183,444,315,1
545472-8.png 251,179,450,311,1
545472-9.png 244,174,485,330,1
546634-0.png 177,184,482,358,1
546634-1.png 186,172,467,378,1
546634-2.png 186,168,486,354,1
546634-3.png 183,187,479,349,1
546634-4.png 186,170,502,363,1
546634-5.png 191,184,505,358,1
546634-6.png 219,167,510,351,1
546634-7.png 185,172,493,364,1
546634-8.png 241,205,503,363,1
546634-9.png 226,178,487,376,1
546821-0.png 210,160,518,361,1
546821-1.png 188,169,544,378,1
546821-2.png 219,163,540,366,1
546821-3.png 207,155,550,376,1
546821-4.png 191,156,487,353,1
546821-5.png 209,154,523,340,1
546821-6.png 218,163,493,333,1
546821-7.png 212,158,471,313,1
546821-8.png 242,165,487,343,1
546821-9.png 218,157,471,343,1
546853-0.png 182,145,568,417,1
546853-1.png 186,132,569,423,1
546853-2.png 171,132,574,431,1
546853-3.png 171,134,576,431,1
546853-4.png 170,138,563,441,1
546853-5.png 174,138,509,391,1
546853-6.png 190,138,486,391,1
546853-7.png 187,143,493,388,1
546853-8.png 204,156,475,348,1
546853-9.png 215,149,459,342,1
547515-0.png 159,152,522,356,1
547515-1.png 216,199,424,345,1
547515-2.png 162,158,519,374,1
547515-3.png 168,159,527,360,1
547515-4.png 156,159,542,349,1
547515-5.png 164,158,512,372,1
547515-6.png 158,160,522,390,1
547515-7.png 194,142,508,380,1
547515-8.png 185,155,510,354,1
547515-9.png 192,150,539,362,1
547652-0.png 300,193,422,316,1
547652-1.png 317,200,495,337,1
547652-2.png 266,177,502,350,1
547652-3.png 261,163,538,358,1
547652-4.png 236,154,487,382,1
547652-5.png 239,144,463,373,1
547652-6.png 260,154,464,311,1
547652-7.png 234,157,462,337,1
547652-8.png 248,148,505,318,1
547652-9.png 276,161,467,337,1
547670-0.png 251,180,445,330,1
547670-1.png 236,179,447,336,1
547670-2.png 234,178,452,331,1
547670-3.png 274,182,431,315,1
547670-4.png 275,189,459,355,1
547670-5.png 266,194,429,327,1
547670-6.png 282,217,441,333,1
547670-7.png 315,223,476,315,1
547670-8.png 259,186,409,310,1
547670-9.png 255,175,410,303,1
547696-0.png 212,145,451,331,1
547696-1.png 217,147,419,305,1
547696-2.png 219,158,431,330,1
547696-3.png 219,142,433,326,1
547696-4.png 218,142,415,295,1
547696-5.png 238,150,443,313,1
547696-6.png 213,151,431,325,1
547696-7.png 232,152,438,335,1
547696-8.png 247,145,426,316,1
547696-9.png 222,144,419,315,1
547956-0.png 131,60,606,467,1
547956-1.png 346,88,526,276,1
547956-2.png 145,64,586,442,1
547956-3.png 138,73,596,444,1
547956-4.png 121,72,582,443,1
547956-5.png 100,66,577,435,1
547956-6.png 84,55,559,471,1
547956-7.png 95,74,580,449,1
547956-8.png 99,61,607,446,1
547956-9.png 92,74,586,408,1
548385-0.png 139,147,572,452,1
548385-1.png 136,131,588,470,1
548385-2.png 125,143,598,400,1
548385-3.png 124,142,568,416,1
548385-4.png 114,136,574,415,1
548385-5.png 116,127,561,383,1
548385-6.png 111,124,575,410,1
548385-7.png 113,125,586,395,1
548385-8.png 110,139,586,402,1
548385-9.png 114,132,576,426,1
548529-0.png 236,142,524,347,1
548529-1.png 232,140,527,368,1
548529-2.png 220,153,510,368,1
548529-3.png 230,132,489,379,1
548529-4.png 236,161,515,375,1
548529-5.png 258,154,516,361,1
548529-6.png 224,142,509,363,1
548529-7.png 237,140,521,353,1
548529-8.png 236,144,514,359,1
548529-9.png 252,143,509,365,1
548674-0.png 218,173,329,294,1
548674-1.png 195,173,536,373,1
548674-2.png 171,167,526,365,1
548674-3.png 188,158,525,379,1
548674-4.png 182,172,538,400,1
548674-5.png 198,166,510,363,1
548674-6.png 197,155,555,372,1
548674-7.png 194,162,522,380,1
548674-8.png 184,160,508,345,1
548674-9.png 215,169,335,277,1
548932-0.png 235,209,429,379,1
548932-1.png 220,209,450,402,1
548932-2.png 178,220,384,393,1
548932-3.png 242,225,447,385,1
548932-4.png 250,213,426,401,1
548932-5.png 238,220,437,391,1
548932-6.png 236,217,444,398,1
548932-7.png 244,205,449,436,1
548932-8.png 251,217,465,368,1
548932-9.png 254,206,451,389,1
549176-0.png 187,154,504,402,1
549176-1.png 207,160,502,431,1
549176-2.png 208,172,501,443,1
549176-3.png 202,166,497,416,1
549176-4.png 197,147,486,390,1
549176-5.png 228,193,432,398,1
549176-6.png 198,148,508,412,1
549176-7.png 210,170,493,403,1
549176-8.png 202,166,514,384,1
549176-9.png 218,171,509,411,1
549349-0.png 172,148,562,440,1
549349-1.png 197,148,553,434,1
549349-2.png 179,135,559,422,1
549349-3.png 179,133,556,422,1
549349-4.png 164,133,572,421,1
549349-5.png 150,137,557,429,1
549349-6.png 157,121,556,409,1
549349-7.png 151,153,535,450,1
549349-8.png 165,142,544,434,1
549349-9.png 154,141,526,419,1
549446-0.png 190,239,389,420,1
549446-1.png 159,202,361,369,1
549446-2.png 224,229,346,376,1
549446-3.png 303,211,554,398,1
549446-4.png 276,238,524,431,1
549446-5.png 291,239,512,395,1
549446-6.png 324,246,483,393,1
549446-7.png 293,243,530,404,1
549446-8.png 289,226,539,410,1
549446-9.png 304,227,519,417,1
549904-0.png 136,139,631,369,1
549904-1.png 132,145,602,365,1
549904-2.png 169,148,613,370,1
549904-3.png 147,145,596,366,1
549904-4.png 145,137,620,366,1
549904-5.png 116,148,599,355,1
549904-6.png 123,154,597,358,1
549904-7.png 128,152,580,303,1
549904-8.png 185,140,608,362,1
549904-9.png 158,133,602,349,1
550003-0.png 312,125,552,274,1
550003-1.png 332,122,523,273,1
550003-2.png 325,124,554,288,1
550003-3.png 321,123,536,279,1
550003-4.png 299,129,535,281,1
550003-5.png 356,135,544,298,1
550003-6.png 367,141,523,273,1
550003-7.png 368,142,552,294,1
550003-8.png 357,139,541,303,1
550003-9.png 369,147,577,289,1
550307-0.png 174,156,458,375,1
550307-1.png 143,172,458,390,1
550307-2.png 186,165,462,387,1
550307-3.png 177,161,457,393,1
550307-4.png 190,171,449,388,1
550307-5.png 189,166,458,375,1
550307-6.png 189,159,520,377,1
550307-7.png 181,201,525,413,1
550307-8.png 183,186,580,379,1
550307-9.png 173,188,552,391,1
550335-0.png 170,95,583,369,1
550335-1.png 183,115,594,409,1
550335-2.png 167,107,579,413,1
550335-3.png 187,154,563,351,1
550335-4.png 124,114,566,403,1
550335-5.png 175,113,576,392,1
550335-6.png 185,123,578,379,1
550335-7.png 183,130,575,377,1
550335-8.png 148,122,582,397,1
550335-9.png 150,134,592,424,1
550610-0.png 224,130,529,386,1
550610-1.png 232,148,537,393,1
550610-2.png 219,136,543,395,1
550610-3.png 216,142,518,385,1
550610-4.png 239,157,551,409,1
550610-5.png 220,138,546,410,1
550610-6.png 222,139,556,381,1
550610-7.png 252,139,567,384,1
550610-8.png 250,138,553,403,1
550610-9.png 246,143,550,408,1
550613-0.png 271,160,453,311,1
550613-1.png 282,155,431,272,1
550613-2.png 291,165,447,276,1
550613-3.png 332,168,421,260,1
550613-4.png 315,178,421,248,1
550613-5.png 334,168,443,263,1
550613-6.png 343,170,418,243,1
550613-7.png 323,159,419,245,1
550613-8.png 346,172,445,247,1
550613-9.png 346,169,412,222,1
550924-0.png 188,166,449,369,1
550924-1.png 201,172,454,404,1
550924-2.png 221,177,487,397,1
550924-3.png 209,164,486,389,1
550924-4.png 216,186,515,379,1
550924-5.png 233,207,528,374,1
550924-6.png 208,177,473,377,1
550924-7.png 235,180,438,366,1
550924-8.png 253,208,480,380,1
550924-9.png 260,214,462,355,1
550939-0.png 165,165,415,335,1
550939-1.png 161,170,415,341,1
550939-2.png 151,152,422,332,1
550939-3.png 145,173,406,336,1
550939-4.png 197,210,329,313,1
550939-5.png 191,206,355,295,1
550939-6.png 213,180,453,327,1
550939-7.png 213,163,464,287,1
550939-8.png 225,166,472,298,1
550939-9.png 227,160,491,309,1
551229-0.png 153,116,591,426,1
551229-1.png 146,107,579,432,1
551229-2.png 165,134,533,381,1
551229-3.png 154,86,564,416,1
551229-4.png 149,98,568,405,1
551229-5.png 163,102,566,391,1
551229-6.png 154,100,583,408,1
551229-7.png 170,110,572,418,1
551229-8.png 152,103,577,418,1
551229-9.png 162,114,576,413,1
551441-0.png 190,143,502,395,1
551441-1.png 184,141,491,417,1
551441-2.png 158,135,498,388,1
551441-3.png 168,145,516,379,1
551441-4.png 181,133,482,380,1
551441-5.png 215,139,546,381,1
551441-6.png 175,144,491,321,1
551441-7.png 229,149,525,413,1
551441-8.png 184,138,489,321,1
551441-9.png 187,140,481,331,1
551463-0.png 229,135,533,315,1
551463-1.png 285,141,501,300,1
551463-2.png 295,135,530,302,1
551463-3.png 307,151,516,305,1
551463-4.png 291,154,514,297,1
551463-5.png 289,164,499,321,1
551463-6.png 269,162,537,304,1
551463-7.png 327,160,515,301,1
551463-8.png 313,169,565,289,1
551463-9.png 445,198,558,271,1
551549-0.png 160,162,397,367,1
551549-1.png 156,153,414,348,1
551549-2.png 152,172,393,352,1
551549-3.png 148,159,420,349,1
551549-4.png 164,179,422,377,1
551549-5.png 147,162,415,365,1
551549-6.png 155,186,358,339,1
551549-7.png 169,211,406,373,1
551549-8.png 217,202,372,335,1
551549-9.png 203,195,389,353,1
552288-0.png 252,192,555,391,1
552288-1.png 217,173,504,350,1
552288-2.png 235,179,517,360,1
552288-3.png 240,174,501,353,1
552288-4.png 122,202,382,350,1
552288-5.png 135,196,380,358,1
552288-6.png 133,193,432,407,1
552288-7.png 121,175,412,378,1
552288-8.png 140,157,464,334,1
552288-9.png 149,171,446,338,1
552500-0.png 247,166,499,351,1
552500-1.png 252,168,505,317,1
552500-2.png 268,150,515,323,1
552500-3.png 307,178,500,307,1
552500-4.png 383,163,499,315,1
552500-5.png 249,168,487,315,1
552500-6.png 262,152,490,287,1
552500-7.png 277,161,482,302,1
552500-8.png 286,153,465,296,1
552500-9.png 299,160,471,297,1
552639-0.png 231,166,450,348,1
552639-1.png 230,176,430,352,1
552639-2.png 219,153,436,381,1
552639-3.png 233,189,493,393,1
552639-4.png 231,174,450,366,1
552639-5.png 222,172,486,360,1
552639-6.png 217,188,464,358,1
552639-7.png 205,181,463,341,1
552639-8.png 217,191,486,343,1
552639-9.png 209,203,463,365,1
552704-0.png 270,156,513,338,1
552704-1.png 277,167,537,333,1
552704-2.png 275,157,500,351,1
552704-3.png 284,167,519,359,1
552704-4.png 278,160,493,360,1
552704-5.png 239,163,507,344,1
552704-6.png 295,166,485,337,1
552704-7.png 270,192,519,358,1
552704-8.png 246,173,505,351,1
552704-9.png 251,166,477,355,1
553226-0.png 252,156,474,327,1
553226-1.png 270,138,512,337,1
553226-2.png 254,154,496,297,1
553226-3.png 253,145,467,312,1
553226-4.png 266,170,548,329,1
553226-5.png 305,152,482,299,1
553226-6.png 288,151,519,310,1
553226-7.png 263,143,550,359,1
553226-8.png 240,148,512,355,1
553226-9.png 242,159,523,348,1
553907-0.png 163,156,431,351,1
553907-1.png 151,152,405,362,1
553907-2.png 165,169,419,358,1
553907-3.png 165,180,421,372,1
553907-4.png 159,171,444,358,1
553907-5.png 148,140,437,367,1
553907-6.png 157,156,446,391,1
553907-7.png 141,136,437,366,1
553907-8.png 136,144,432,382,1
553907-9.png 131,144,442,372,1
553939-0.png 165,168,440,340,1
553939-1.png 158,158,459,355,1
553939-2.png 158,180,487,332,1
553939-3.png 150,160,437,364,1
553939-4.png 136,162,520,352,1
553939-5.png 146,144,519,339,1
553939-6.png 143,154,487,335,1
553939-7.png 150,159,483,325,1
553939-8.png 148,162,437,350,1
553939-9.png 139,172,393,340,1
555415-0.png 303,142,450,259,1
555415-1.png 273,139,442,288,1
555415-2.png 275,140,446,295,1
555415-3.png 255,135,488,290,1
555415-4.png 263,120,502,348,1
555415-5.png 272,125,513,356,1
555415-6.png 260,122,503,352,1
555415-7.png 276,128,555,322,1
555415-8.png 255,137,535,315,1
555415-9.png 265,140,536,299,1
556519-0.png 190,128,487,327,1
556519-1.png 214,135,514,335,1
556519-2.png 216,127,511,327,1
556519-3.png 209,120,514,331,1
556519-4.png 212,143,504,343,1
556519-5.png 223,142,511,323,1
556519-6.png 149,142,560,337,1
556519-7.png 223,128,516,316,1
556519-8.png 205,149,499,323,1
556519-9.png 247,138,514,302,1
556539-0.png 309,197,441,323,1
556539-1.png 338,159,465,285,1
556539-2.png 286,169,463,349,1
556539-3.png 348,144,450,250,1
556539-4.png 361,136,465,241,1
556539-5.png 368,151,471,234,1
556539-6.png 292,156,497,338,1
556539-7.png 296,128,497,302,1
556539-8.png 325,134,493,291,1
556539-9.png 291,109,497,315,1
556755-0.png 139,116,313,221,1
556755-1.png 136,116,322,217,1
556755-2.png 140,121,315,253,1
556755-3.png 251,116,427,222,1
556755-4.png 247,105,459,236,1
556755-5.png 245,104,433,207,1
556755-6.png 258,103,425,213,1
556755-7.png 250,124,407,214,1
556755-8.png 228,121,447,238,1
556755-9.png 245,112,421,241,1
557048-0.png 131,116,358,303,1
557048-1.png 113,109,350,358,1
557048-2.png 120,116,347,367,1
557048-3.png 114,116,362,376,1
557048-4.png 137,127,374,352,1
557048-5.png 123,114,340,372,1
557048-6.png 128,121,365,347,1
557048-7.png 143,130,385,331,1
557048-8.png 116,142,349,361,1
557048-9.png 124,140,355,331,1
557117-0.png 176,150,551,401,1
557117-1.png 135,145,561,394,1
557117-2.png 148,157,530,402,1
557117-3.png 154,146,548,412,1
557117-4.png 158,161,553,423,1
557117-5.png 162,151,561,411,1
557117-6.png 149,158,546,417,1
557117-7.png 162,134,557,412,1
557117-8.png 156,157,530,414,1
557117-9.png 168,149,529,423,1
557424-0.png 194,142,517,375,1
557424-1.png 245,201,401,309,1
557424-2.png 175,141,525,355,1
557424-3.png 191,145,542,401,1
557424-4.png 199,145,496,378,1
557424-5.png 229,134,521,328,1
557424-6.png 233,131,531,346,1
557424-7.png 239,144,473,327,1
557424-8.png 233,142,450,359,1
557424-9.png 259,198,391,277,1
557514-0.png 107,136,592,379,1
557514-1.png 136,148,575,387,1
557514-2.png 144,143,587,387,1
557514-3.png 229,165,443,270,1
557514-4.png 161,164,516,279,1
557514-5.png 175,172,459,288,1
557514-6.png 201,174,502,310,1
557514-7.png 198,170,528,304,1
557514-8.png 174,166,554,326,1
557514-9.png 178,163,576,358,1
557564-0.png 229,145,512,337,1
557564-1.png 243,148,492,343,1
557564-2.png 259,163,538,376,1
557564-3.png 258,157,494,357,1
557564-4.png 267,165,493,370,1
557564-5.png 248,169,505,353,1
557564-6.png 257,174,487,337,1
557564-7.png 280,170,493,337,1
557564-8.png 255,164,500,335,1
557564-9.png 260,151,493,342,1
557831-0.png 271,142,477,325,1
557831-1.png 238,140,494,322,1
557831-2.png 262,122,503,341,1
557831-3.png 235,130,507,365,1
557831-4.png 265,138,486,346,1
557831-5.png 253,130,569,342,1
557831-6.png 238,114,528,362,1
557831-7.png 253,130,515,322,1
557831-8.png 232,129,507,320,1
557831-9.png 229,128,527,334,1
558007-0.png 194,126,503,379,1
558007-1.png 211,122,512,390,1
558007-2.png 177,136,495,396,1
558007-3.png 191,124,503,383,1
558007-4.png 183,129,490,383,1
558007-5.png 139,132,495,397,1
558007-6.png 161,147,520,395,1
558007-7.png 193,138,528,369,1
558007-8.png 194,138,544,377,1
558007-9.png 152,141,510,355,1
558031-0.png 226,116,482,327,1
558031-1.png 250,130,514,334,1
558031-2.png 251,122,488,331,1
558031-3.png 251,122,500,362,1
558031-4.png 251,125,464,322,1
558031-5.png 259,123,464,314,1
558031-6.png 266,111,479,296,1
558031-7.png 267,128,476,288,1
558031-8.png 278,124,451,278,1
558031-9.png 301,138,471,270,1
558089-0.png 318,170,527,322,1
558089-1.png 312,199,442,317,1
558089-2.png 299,186,406,325,1
558089-3.png 286,199,446,334,1
558089-4.png 287,190,542,342,1
558089-5.png 253,184,541,369,1
558089-6.png 298,180,540,369,1
558089-7.png 287,178,517,340,1
558089-8.png 289,168,566,382,1
558089-9.png 264,156,549,377,1
558108-0.png 143,125,418,447,1
558108-1.png 152,142,442,427,1
558108-2.png 139,121,421,412,1
558108-3.png 150,142,424,412,1
558108-4.png 145,134,451,413,1
558108-5.png 149,137,454,395,1
558108-6.png 164,136,441,380,1
558108-7.png 161,137,413,392,1
558108-8.png 147,111,427,408,1
558108-9.png 189,127,454,383,1
558116-0.png 203,172,482,424,1
558116-1.png 200,155,500,395,1
558116-2.png 198,151,501,411,1
558116-3.png 206,160,472,431,1
558116-4.png 171,163,459,416,1
558116-5.png 163,160,490,410,1
558116-6.png 142,153,533,437,1
558116-7.png 156,173,526,410,1
558116-8.png 159,156,545,413,1
558116-9.png 167,171,549,425,1
558179-0.png 250,145,387,263,1
558179-1.png 277,174,395,262,1
558179-2.png 284,165,395,240,1
558179-3.png 332,159,467,258,1
558179-4.png 333,150,470,265,1
558179-5.png 320,158,464,268,1
558179-6.png 318,154,471,285,1
558179-7.png 308,151,488,272,1
558179-8.png 323,153,472,251,1
558179-9.png 313,147,464,285,1
558240-0.png 211,169,445,324,1
558240-1.png 238,160,455,342,1
558240-2.png 218,163,436,319,1
558240-3.png 232,165,474,339,1
558240-4.png 242,158,464,330,1
558240-5.png 228,144,474,340,1
558240-6.png 228,138,467,366,1
558240-7.png 245,146,459,352,1
558240-8.png 255,140,466,358,1
558240-9.png 243,139,432,348,1
558336-0.png 331,164,479,260,1
558336-1.png 335,168,465,299,1
558336-2.png 337,161,456,269,1
558336-3.png 362,149,531,285,1
558336-4.png 348,160,503,266,1
558336-5.png 244,141,492,270,1
558336-6.png 266,149,516,257,1
558336-7.png 271,153,529,265,1
558336-8.png 285,150,518,283,1
558336-9.png 278,145,498,289,1
558352-0.png 240,162,476,329,1
558352-1.png 241,156,489,380,1
558352-2.png 234,158,471,369,1
558352-3.png 226,135,451,345,1
558352-4.png 239,153,539,372,1
558352-5.png 219,157,509,369,1
558352-6.png 222,144,524,390,1
558352-7.png 199,159,486,377,1
558352-8.png 202,161,516,389,1
558352-9.png 210,159,508,389,1
558391-0.png 358,137,507,343,1
558391-1.png 356,170,539,359,1
558391-2.png 311,167,531,358,1
558391-3.png 315,149,518,325,1
558391-4.png 324,138,520,338,1
558391-5.png 292,151,541,379,1
558391-6.png 279,149,519,327,1
558391-7.png 283,148,523,334,1
558391-8.png 274,133,505,323,1
558391-9.png 292,141,510,328,1
558523-0.png 466,159,550,250,1
558523-1.png 464,154,533,268,1
558523-2.png 448,157,535,263,1
558523-3.png 253,172,501,376,1
558523-4.png 231,171,502,397,1
558523-5.png 217,164,537,359,1
558523-6.png 232,161,522,338,1
558523-7.png 211,147,509,363,1
558523-8.png 199,154,522,376,1
558523-9.png 226,150,533,383,1
558533-0.png 137,167,454,410,1
558533-1.png 149,170,473,382,1
558533-2.png 138,177,470,397,1
558533-3.png 163,169,470,391,1
558533-4.png 144,175,480,410,1
558533-5.png 128,161,485,394,1
558533-6.png 147,162,483,375,1
558533-7.png 206,168,487,386,1
558533-8.png 185,159,493,394,1
558533-9.png 209,191,483,388,1
558602-0.png 181,110,549,398,1
558602-1.png 170,121,493,389,1
558602-2.png 173,109,496,399,1
558602-3.png 169,122,498,390,1
558602-4.png 150,108,486,401,1
558602-5.png 140,120,494,387,1
558602-6.png 142,121,480,393,1
558602-7.png 132,117,487,393,1
558602-8.png 136,113,541,402,1
558602-9.png 130,106,501,383,1
558665-0.png 123,131,595,349,1
558665-1.png 120,141,623,344,1
558665-2.png 105,146,609,356,1
558665-3.png 117,149,654,364,1
558665-4.png 103,139,628,342,1
558665-5.png 116,142,596,397,1
558665-6.png 107,161,628,359,1
558665-7.png 110,160,612,378,1
558665-8.png 113,167,617,385,1
558665-9.png 93,151,610,383,1
558732-0.png 266,179,467,358,1
558732-1.png 248,179,454,380,1
558732-2.png 227,188,493,393,1
558732-3.png 214,155,499,359,1
558732-4.png 204,162,457,382,1
558732-5.png 199,159,496,347,1
558732-6.png 170,155,469,341,1
558732-7.png 200,138,533,352,1
558732-8.png 195,147,571,340,1
558732-9.png 207,163,505,369,1
558790-0.png 254,133,480,311,1
558790-1.png 249,136,419,303,1
558790-2.png 263,122,387,231,1
558790-3.png 259,144,396,224,1
558790-4.png 267,139,386,225,1
558790-5.png 269,117,468,319,1
558790-6.png 291,147,386,216,1
558790-7.png 247,128,459,308,1
558790-8.png 241,127,446,335,1
558790-9.png 241,121,437,293,1
558987-0.png 283,176,596,327,1
558987-1.png 294,169,609,373,1
558987-2.png 268,163,596,395,1
558987-3.png 274,143,618,356,1
558987-4.png 255,160,608,367,1
558987-5.png 257,131,478,363,1
558987-6.png 268,165,527,324,1
558987-7.png 274,154,530,343,1
558987-8.png 269,165,513,337,1
558987-9.png 255,164,518,313,1
558994-0.png 256,146,580,367,1
558994-1.png 280,151,546,382,1
558994-2.png 253,129,553,359,1
558994-3.png 176,146,568,367,1
558994-4.png 179,147,538,393,1
558994-5.png 256,143,536,369,1
558994-6.png 250,141,525,381,1
558994-7.png 262,157,545,379,1
558994-8.png 299,141,578,384,1
558994-9.png 304,147,546,351,1
559006-0.png 183,184,482,444,1
559006-1.png 181,188,501,421,1
559006-2.png 194,182,482,428,1
559006-3.png 195,190,437,404,1
559006-4.png 205,190,436,431,1
559006-5.png 185,189,412,414,1
559006-6.png 190,195,442,421,1
559006-7.png 252,196,408,359,1
559006-8.png 245,181,433,370,1
559006-9.png 242,197,436,358,1
